$ 1 0.0000010416666666666667 382.76258214399064 99 5 43 5e-11
r 480 48 480 128 0 450000
r 480 128 480 208 0 50000
g 480 288 480 320 0 0
R 480 48 480 0 0 0 40 12 0 0 0.5
p 480 128 608 128 1 0 0
g 608 128 608 160 0 0
409 96 128 208 128 3 0.6 0 0.023100000000000002 2
f 320 128 368 128 32 6 0.2
r 240 128 304 128 0 22
r 240 208 304 208 0 1000
r 0 112 48 112 0 10000
r 368 224 368 288 0 0.05
c 240 144 240 192 0 0.00001 0.001 0.001
w 208 128 240 128 2
w 304 128 320 128 0
w 368 112 368 48 0
w 368 48 480 48 0
w 304 208 368 208 0
w 368 224 368 208 0
w 368 288 480 288 0
w 480 288 480 208 0
w 240 208 240 192 0
w 240 144 240 128 0
w 96 144 96 208 0
370 368 144 368 208 1 0 0
w 48 112 96 112 2
w 48 208 96 208 0
R 144 96 144 32 0 0 40 12 0 0 0.5
174 -48 64 -48 160 1 50000 0.005 Resistance
w -48 160 48 208 0
w 0 112 -32 112 0
g 96 208 96 240 0 0
w 144 160 144 208 0
w 144 208 96 208 0
